IMG_8148_JPG.rf.808f2dd65d8de0d51e865934d6940c67.jpg, 126.767822265625, 230.73611450195312, 8.030181884765625, 15.01385498046875
IMG_8260_JPG.rf.6933176c83620a917d8c15b5730c9254.jpg, 327.37860107421875, 182.58224487304688, 9.1219482421875, 21.8846435546875
IMG_8270_JPG.rf.7604841b57c20ab98e26105c31e37168.jpg, 262.3795471191406, 147.95779418945312, 8.29766845703125, 17.56146240234375
IMG_8321_JPG.rf.c0b72925f729dd9617514feb69808307.jpg, 253.63531494140625, 108.15693664550781, 35.04205322265625, 65.99307250976562
IMG_8335_JPG.rf.9cc1fca1e341a1302f57dec7a9381dc1.jpg, 420.8140869140625, 184.71929931640625, 14.8050537109375, 51.86224365234375
IMG_8342_JPG.rf.dcd70e5d86ed177835e7ff591de4df1d.jpg, 158.0499725341797, 372.219970703125, 7.109710693359375, 16.00677490234375
IMG_9008_JPG.rf.05c231b8fbbc63f046df120379b0b2f2.jpg, 506.1932373046875, 181.8547821044922, 22.767822265625, 46.125701904296875
IMG_9421_jpeg.rf.1786b71c140dc22be36a65e0b966a467.jpg, 319.79046630859375, 207.38438415527344, 19.39202880859375, 26.346282958984375
IMG_9705_JPG.rf.02c7c789d39e0a036a6f85c78676eb52.jpg, 244.18997192382812, 25.359371185302734, 20.965576171875, 81.62143325805664
IMG_9706_JPG.rf.32754a82cac49757bdb27b1d6f009064.jpg, 181.68905639648438, 11.291275024414062, 52.674957275390625, 108.4608154296875
IMG_9708_JPG.rf.450ddac545b6a808b19b9c1545d375b2.jpg, 166.9049072265625, 171.20138549804688, 21.589385986328125, 46.9129638671875
IMG_9742_JPG.rf.11e31576d138a1958f256e3967cd8891.jpg, 131.04998779296875, 103.33637237548828, 60.285736083984375, 107.88597869873047
IMG_9748_JPG.rf.f75d5de13d76d837c9beb9bd4edbadea.jpg, 17.729366302490234, 224.20297241210938, 12.505546569824219, 23.73388671875
IMG_9765_JPG.rf.6adb2f1f5966c0bfa5b15d21cfdce626.jpg, 20.17828369140625, 216.55294799804688, 23.462234497070312, 43.16253662109375
IMG_9770_JPG.rf.778ef510bb678899d70abb4b142e7ef3.jpg, 388.70758056640625, 296.5795593261719, 19.47967529296875, 42.51849365234375
IMG_9777_JPG.rf.b1bf4a2efaa5e33841eb53828877f144.jpg, 20.638761520385742, 136.231689453125, 25.878145217895508, 47.51837158203125
IMG_9782_JPG.rf.5f5d0967ea70249087902cc496647c7f.jpg, 507.3161315917969, 123.30741882324219, 44.674102783203125, 89.84185791015625
IMG_9801_JPG.rf.804a9260449edf43ec82cb181ef52d5b.jpg, 499.91705322265625, 206.68765258789062, 23.54266357421875, 49.1468505859375
IMG_9837_JPG.rf.df0d7763e077da0e80dee3732e409f60.jpg, 455.4540710449219, 170.498291015625, 23.35943603515625, 49.5693359375
IMG_9849_JPG.rf.c6c9ddc93d60a6f86780ef61a864b450.jpg, 389.7776184082031, 328.4580078125, 9.25262451171875, 20.4910888671875
IMG_9854_JPG.rf.1395fbc1146e4e5e42c3750711de919b.jpg, 531.6334228515625, 207.72030639648438, 16.44482421875, 34.10089111328125
IMG_9863_JPG.rf.2bbeab4a2978ffd7f9aced9677261631.jpg, 42.18897247314453, 62.40362548828125, 36.31080627441406, 62.24708557128906
IMG_9882_JPG.rf.d9d0c4b8c16f713628a69b69761cb103.jpg, 304.95269775390625, 258.730712890625, 9.1036376953125, 28.955322265625
IMG_9899_JPG.rf.80891e87bd61ac4546cd1b9a5c4889cf.jpg, 35.95832061767578, 67.99787902832031, 22.054473876953125, 40.019927978515625
IMG_9902_JPG.rf.2f44c549379d94bc501e79c370f36627.jpg, 294.99853515625, 289.7567443847656, 7.934814453125, 14.18548583984375
PXL_20240222_075200185_jpg.rf.f144e2dab50402206e0a82d6723300b5.jpg, 217.2163848876953, 139.14620971679688, 16.890411376953125, 35.81561279296875
PXL_20240222_075330656_jpg.rf.c7e63a21de9e71cdc55ad3daf4398509.jpg, 155.4996337890625, 118.80860137939453, 58.50262451171875, 106.26512908935547
PXL_20240222_080134808_jpg.rf.9ba7095b5c78c7b0eadb02edd01cedf6.jpg, 294.52667236328125, 221.84332275390625, 31.1943359375, 62.8809814453125
PXL_20240222_080354765_jpg.rf.1dc99491bd78afcf252c3fe3fb5df582.jpg, 94.0912857055664, 341.24078369140625, 11.559158325195312, 24.8739013671875
PXL_20240222_080550832_jpg.rf.36d5a1ad613dcd8d81cb98a5acc3cedf.jpg, 348.90948486328125, 269.8827819824219, 14.32305908203125, 26.87322998046875
PXL_20240222_080558318_jpg.rf.2e5816a7b5ae9d474ddae4c87ab68925.jpg, 270.996826171875, 116.302978515625, 22.6634521484375, 65.32220458984375
PXL_20240222_080606453_jpg.rf.398e890cca4e9bda34b258d4d30f006f.jpg, 404.01190185546875, 72.39569091796875, 42.13299560546875, 90.59376525878906
PXL_20240222_080626806_jpg.rf.a1373536e23ab8f8a90546504bfd7a51.jpg, 331.51397705078125, 73.40690612792969, 11.67071533203125, 30.6092529296875
PXL_20240222_080647619_jpg.rf.ff61f19100dcb2c06d4edf816545b131.jpg, 56.15296173095703, 139.632080078125, 21.391693115234375, 38.731201171875
PXL_20240222_080736168_jpg.rf.8e29783ee1735b7d89baf39452603f8c.jpg, 553.8668823242188, 251.37249755859375, 79.81982421875, 158.09332275390625
PXL_20240222_080738069_jpg.rf.965a8c33ba6ae0ff3c1e5d1a0770b54c.jpg, 382.99365234375, 241.9639892578125, 60.4345703125, 134.74639892578125
PXL_20240222_081047073_jpg.rf.9e63cc5206fa90d3af118639cb715be7.jpg, 582.3048095703125, 313.44207763671875, 20.64697265625, 64.19427490234375
PXL_20240222_081129650_jpg.rf.8e80fbd0994bc1facddb6571755e40e3.jpg, 469.35968017578125, 185.26052856445312, 44.672119140625, 96.45254516601562
PXL_20240222_081132771_jpg.rf.195bd02e93ef0c89e5c49d90433d6412.jpg, 211.19247436523438, 195.51187133789062, 43.014495849609375, 93.3515625
PXL_20240222_081150074_jpg.rf.a776507e2845fcdd72c7681cd4e4dd0f.jpg, 435.49676513671875, 391.59283447265625, 7.8944091796875, 16.052001953125
PXL_20240222_081217783_jpg.rf.2944c7bbfb8f530e19cebca5068e72fe.jpg, 586.653076171875, 275.49432373046875, 24.4326171875, 45.3114013671875
PXL_20240222_081240682_jpg.rf.e5ba39feea5358a76f013992772fecd3.jpg, 542.930419921875, 283.87322998046875, 10.07958984375, 21.4556884765625
PXL_20240222_081251843_jpg.rf.7d6807da5886e45160ec86f0fd570939.jpg, 424.3791198730469, 299.4383239746094, 26.266845703125, 52.9100341796875
PXL_20240222_081643858_jpg.rf.d5de4e215e0f7f8786c9497038d738d9.jpg, 517.0701904296875, 419.42474365234375, 12.343994140625, 45.2821044921875
PXL_20240222_081849976_jpg.rf.d0c267a709fff77526d00cd53def2870.jpg, 338.0741271972656, 331.6999816894531, 21.44989013671875, 50.1669921875
PXL_20240227_005029754_jpg.rf.204a6a9214297dee30f0caa452f77dba.jpg, 183.43087768554688, 139.52540588378906, 43.88983154296875, 46.79058837890625
PXL_20240227_005057991_jpg.rf.06ac4759d35f89e50df5b8f98249de15.jpg, 275.06353759765625, 291.5888671875, 30.7779541015625, 62.655029296875
PXL_20240227_005928597_jpg.rf.291ff8bee49b4c47b6baef40f6401bf8.jpg, 263.58233642578125, 240.4949188232422, 47.0865478515625, 140.70680236816406
PXL_20240227_005943516_jpg.rf.9e6695fda0df3527d804c32107fa6d90.jpg, 302.69873046875, 308.5949401855469, 8.456787109375, 26.30621337890625
PXL_20240227_005944848_jpg.rf.f53be60f38677ca76ebbd194c2470d5a.jpg, 142.70057678222656, 384.4838562011719, 7.635650634765625, 25.068603515625
PXL_20240227_010851567_jpg.rf.c9e743501e8f732ad7aeee8aa85cfc9a.jpg, 436.09136962890625, 437.679443359375, 20.5474853515625, 48.059814453125
PXL_20240227_010929915_jpg.rf.eec1e7502d3a929325500a9ded9031e5.jpg, 264.96087646484375, 250.5400848388672, 44.0511474609375, 100.09815979003906
PXL_20240227_010940985_jpg.rf.d478de4db8d84b82bc1b9a8b69ed7efb.jpg, 294.1365966796875, 292.05096435546875, 7.877685546875, 20.27215576171875
PXL_20240227_012355615_jpg.rf.657e956d85d4d20603e11271cc16b337.jpg, 23.93134307861328, 9.4398193359375, 42.03868865966797, 82.19781494140625
PXL_20240227_013202747_jpg.rf.3ddf3228df5ac47335cd81718773c163.jpg, 369.13214111328125, 6.769725799560547, 8.9774169921875, 17.551937103271484
PXL_20240227_013229324_jpg.rf.3013a3a3855f1373974a6c8c3a29bc38.jpg, 445.82861328125, 207.2078857421875, 11.58544921875, 25.9583740234375
